
data_requests <- list(
  list(tag = c(972006000837, 972006000944, 972006000544), start_time = '2024-09-05 08:00:00', end_time = '2024-09-05 09:00:00'),
  list(tag = 972006000837, start_time = '2023-12-24 00:00:01', end_time = '2023-12-25 00:00:01')
)